>library(igraph)
>a <- matrix(c(1, 1, 1, 1, 1, 1, 1, 1, 1, 1, 1, 1, 0, 0, 0, 0, 0,
0, 0, 0, 0, 1, 1, 1, 0, 0, 0, 0, 0, 0, 0, 0, 0, 1, 1, 1), 9, 4)
>print(a)
[,1] [,2] [,3] [,4]
[1,] 1 1 0 0
[2,] 1 1 0 0
[3,] 1 1 0 0
[4,] 1 0 1 0
[5,] 1 0 1 0
[6,] 1 0 1 0
[7,] 1 0 0 1
[8,] 1 0 0 1
[9,] 1 0 0 1
>svd(a)
d
[1] 3.464102e+00 1.732051e+00 1.732051e+00 9.687693e-17
$u
[,1] [,2] [,3] [,4]
[1,] -0.3333333 0.4687136 0.05029703 3.375152e-01
[2,] -0.3333333 0.4687136 0.05029703 -8.126230e-01
[3,] -0.3333333 0.4687136 0.05029703 4.751078e-01
[4,] -0.3333333 -0.2779153 0.38076936 1.160461e-16
[5,] -0.3333333 -0.2779153 0.38076936 1.160461e-16
[6,] -0.3333333 -0.2779153 0.38076936 1.160461e-16
[7,] -0.3333333 -0.1907983 -0.43106639 -7.755807e-17
[8,] -0.3333333 -0.1907983 -0.43106639 -7.755807e-17
[1] 0

[9,] -0.3333333 -0.1907983 -0.43106639 -7.755807e-17
$v
[,1] [,2] [,3] [,4]
[1,] -0.8660254 -2.464364e-17 0.00000000 0.5
[2,] -0.2886751 8.118358e-01 0.08711702 -0.5
[3,] -0.2886751 -4.813634e-01 0.65951188 -0.5
[4,] -0.2886751 -3.304723e-01 -0.74662890 -0.5